regex to match day + hour + height 
^ \| ([0-9]*) ([0-9]*) \| ([0-9]*\.[0-9]*)

Location : 46232      (32.53N 117.42W)
  Model    : spectral resolution for points
  Cycle    : 20200515 18 UTC
 +-------+-----------+-----------------+-----------------+-----------------+-----------------+-----------------+-----------------+
 | day & |  Hst  n x |    Hs   Tp  dir |    Hs   Tp  dir |    Hs   Tp  dir |    Hs   Tp  dir |    Hs   Tp  dir |    Hs   Tp  dir |
 |  hour |  (m)  - - |    (m)  (s) (d) |    (m)  (s) (d) |    (m)  (s) (d) |    (m)  (s) (d) |    (m)  (s) (d) |    (m)  (s) (d) |
 +-------+-----------+-----------------+-----------------+-----------------+-----------------+-----------------+-----------------+
 | 15  9 | 1.81  5   |   1.66  8.3 102 |   0.56 12.6   9 |   0.33 14.6  47 |   0.22 14.4 117 |   0.19 21.8  36 |                 |
 | 15 10 | 1.86  5   |   1.71  8.3 103 |   0.55 12.6   9 |   0.31 14.6  50 |   0.23 14.3 117 |   0.21 21.8  36 |                 |
 | 15 11 | 1.87  5   |   1.73  8.3 103 |   0.54 12.6   9 |   0.32 14.6  49 |   0.23 14.3 115 |   0.22 21.7  36 |                 |
 | 15 12 | 1.87  5   |   1.72  8.3 103 |   0.53 12.5   9 |   0.31 14.5  49 |   0.24 14.2 116 |   0.23 21.6  37 |                 |
 | 15 13 | 1.85  5   |   1.71  8.3 102 |   0.52 12.5   9 |   0.31 14.5  49 |   0.24 14.2 116 |   0.24 21.3  37 |                 |
 | 15 14 | 1.83  5   |   1.68  8.2 102 |   0.51 12.4   9 |   0.30 14.5  50 |   0.24 14.1 116 |   0.26 20.8  37 |                 |
 | 15 15 | 1.80  5   |   1.65  8.2 101 |   0.50 12.4   9 |   0.30 14.5  50 |   0.25 14.1 116 |   0.27 20.6  37 |                 |
 | 15 16 | 1.76  6   |   1.61  8.1 100 |   0.50 12.3   9 |   0.29 14.5  50 |   0.25 13.9 116 |   0.22 20.4  44 |   0.18 22.6  25 |
 | 15 17 | 1.73  6   |   1.57  8.1 100 |   0.49 12.3   9 |   0.28 14.4  51 |   0.25 13.7 116 |   0.24 20.4  43 |   0.16 23.3  22 |
 | 15 18 | 1.70  6   |   1.54  8.0  99 |   0.48 12.2   9 |   0.27 14.4  50 |   0.24 13.6 116 |   0.24 20.4  43 |   0.17 23.3  22 |
 | 15 19 | 1.67  7 1 |   1.52  8.1  99 |   0.47 12.2   9 |   0.27 14.4  50 |   0.24 13.5 116 |   0.25 20.4  41 |   0.18 23.3  22 |
 | 15 20 | 1.65  7 1 |   1.50  8.1  99 |   0.47 12.2   9 |   0.27 14.3  50 |   0.25 13.5 115 |   0.25 20.4  41 |   0.19 23.2  21 |
 | 15 21 | 1.64  7 1 |   1.48  8.1  98 |   0.46 12.2   9 |   0.27 14.3  49 |   0.25 13.4 115 |   0.26 20.4  40 |   0.19 23.2  21 |
 | 15 22 | 1.64  7 1 |   1.48  8.1  98 |   0.45 12.1   9 |   0.26 14.2  49 |   0.25 13.4 115 |   0.26 20.3  40 |   0.20 23.1  21 |
 | 15 23 | 1.64  7 2 |   1.48  8.1  98 |   0.44 12.1   9 |   0.25 14.1  50 |   0.25 13.4 115 |   0.34 20.5  32 |                 |
 | 16  0 | 1.64  6   |   1.47  8.0  98 |   0.44 12.1   9 |   0.26 14.0  49 |   0.25 13.4 115 |   0.36 20.5  31 |   0.20 18.5 354 |
 | 16  1 | 1.63  6   |   1.47  7.9  98 |   0.43 12.1   9 |   0.26 14.0  49 |   0.25 13.4 115 |   0.37 20.5  31 |   0.20 18.2 354 |
 | 16  2 | 1.63  7 1 |   1.46  7.9  98 |   0.42 12.1   9 |   0.26 13.9  49 |   0.25 13.4 115 |   0.38 20.5  31 |   0.21 18.0 353 |
 | 16  3 | 1.62  7 1 |   1.45  7.9  98 |   0.41 12.1   9 |   0.26 13.9  49 |   0.25 13.3 115 |   0.39 20.5  31 |   0.21 17.9 353 |
 | 16  4 | 1.63  8 2 |   1.45  7.9  98 |   0.41 12.2   9 |   0.26 13.9  49 |   0.25 13.3 115 |   0.29 19.3  42 |   0.22 17.9 353 |
 | 16  5 | 1.64  8 2 |   1.46  8.0  98 |   0.40 12.2   9 |   0.25 13.9  50 |   0.24 13.2 115 |   0.27 19.1  44 |   0.22 17.8 353 |
 | 16  6 | 1.65  8 2 |   1.47  8.0  98 |   0.40 12.2   9 |   0.26 13.9  49 |   0.24 13.0 115 |   0.31 19.1  42 |   0.23 17.8 353 |
 | 16  7 | 1.66  8 2 |   1.48  8.0  98 |   0.39 12.2   9 |   0.26 13.9  49 |   0.23 12.7 115 |   0.32 19.1  42 |   0.23 17.8 353 |
 | 16  8 | 1.67  8 2 |   1.48  8.0  98 |   0.39 12.2   9 |   0.24 13.7  51 |   0.22 12.6 116 |   0.33 19.1  42 |   0.24 17.7 353 |
 | 16  9 | 1.68  7 1 |   1.50  8.1  99 |   0.38 12.1   9 |   0.23 13.7  51 |   0.21 12.6 115 |   0.50 19.3  30 |   0.25 17.7 353 |
 | 16 10 | 1.70  7 1 |   1.51  8.3  99 |   0.37 12.1   9 |   0.24 13.7  51 |   0.17 12.7 115 |   0.51 19.3  30 |   0.25 17.6 353 |
 | 16 11 | 1.71  7 1 |   1.52  8.5 100 |   0.37 12.1   9 |   0.25 14.0  50 |   0.17 12.7 115 |   0.52 19.3  29 |   0.26 17.5 353 |
 | 16 12 | 1.71  6 1 |   1.52  8.6 100 |   0.36 12.0   9 |   0.25 14.0  50 |                 |   0.53 19.4  29 |   0.27 17.3 353 |
 | 16 13 | 1.70  6   |   1.51  8.6 100 |   0.36 12.0   9 |   0.24 14.1  50 |   0.21 15.8  25 |   0.54 19.4  28 |   0.27 17.0 353 |
 | 16 14 | 1.68  6   |   1.49  8.7 100 |   0.35 12.0   9 |   0.25 14.3  48 |   0.18 16.0  23 |   0.56 19.5  28 |   0.27 16.9 353 |
 | 16 15 | 1.66  6   |   1.46  8.7 100 |   0.35 11.9   9 |   0.24 14.4  48 |   0.18 16.0  22 |   0.57 19.6  28 |   0.27 16.8 353 |
 | 16 16 | 1.62  6   |   1.41  8.6  99 |   0.34 11.9   9 |   0.24 14.4  48 |   0.18 16.0  22 |   0.58 19.6  28 |   0.27 16.7 353 |
 | 16 17 | 1.58  6   |   1.36  8.5  99 |   0.34 11.8   8 |   0.23 14.5  48 |   0.18 16.0  22 |   0.60 19.6  27 |   0.28 16.7 353 |
 | 16 18 | 1.54  7 1 |   1.30  8.5  99 |   0.34 11.8   8 |   0.22 14.3  49 |   0.19 15.8  23 |   0.61 19.5  27 |   0.28 16.7 353 |
 | 16 19 | 1.51  6   |   1.27  8.4  99 |   0.33 11.8   9 |   0.21 14.1  52 |   0.22 15.6  25 |   0.63 19.4  27 |   0.28 16.6 353 |
 | 16 20 | 1.48  5   |   1.22  8.4  98 |   0.32 11.7   8 |                 |   0.28 15.0  38 |   0.65 19.2  27 |   0.28 16.6 353 |
 | 16 21 | 1.47  5   |   1.19  8.4  98 |   0.32 11.7   8 |                 |   0.28 14.9  38 |   0.66 19.0  27 |   0.29 16.5 353 |
 | 16 22 | 1.45  5   |   1.17  8.3  97 |   0.32 11.7   8 |                 |   0.29 14.8  37 |   0.67 18.9  27 |   0.29 16.5 353 |
 | 16 23 | 1.45  5   |   1.16  8.3  97 |   0.31 11.7   8 |                 |   0.29 14.7  36 |   0.69 18.8  27 |   0.29 16.4 353 |
 | 17  0 | 1.46  5   |   1.16  8.3  97 |   0.30 11.7   8 |                 |   0.29 14.7  36 |   0.70 18.7  27 |   0.30 16.3 353 |
 | 17  1 | 1.47  5   |   1.17  8.3  96 |   0.30 11.7   8 |                 |   0.29 14.6  36 |   0.71 18.6  27 |   0.30 16.1 353 |
 | 17  2 | 1.47  5   |   1.17  8.2  96 |   0.30 11.7   8 |                 |   0.29 14.6  35 |   0.72 18.4  27 |   0.29 15.9 354 |
 | 17  3 | 1.46  5   |   1.16  8.2  96 |   0.29 11.7   8 |                 |   0.29 14.6  35 |   0.72 18.3  27 |   0.29 15.8 353 |
 | 17  4 | 1.46  5   |   1.16  8.0  96 |   0.29 11.7   8 |                 |   0.29 14.6  35 |   0.73 18.2  27 |   0.29 15.7 353 |
 | 17  5 | 1.46  5   |   1.16  7.9  96 |   0.28 11.7   8 |                 |   0.29 14.6  35 |   0.73 18.1  26 |   0.29 15.7 354 |
 | 17  6 | 1.47  5   |   1.17  7.8  96 |   0.28 11.7   8 |                 |   0.29 14.6  35 |   0.74 18.1  26 |   0.28 15.6 353 |
 | 17  7 | 1.49  5   |   1.20  7.7  95 |   0.27 11.7   8 |                 |   0.25 14.3  39 |   0.75 18.0  26 |   0.27 15.6 353 |
 | 17  8 | 1.52  5   |   1.23  7.7  95 |   0.27 11.7   8 |                 |   0.26 14.4  38 |   0.76 17.9  26 |   0.27 15.5 353 |
 | 17  9 | 1.57  5   |   1.29  7.8  96 |   0.26 11.6   7 |                 |   0.25 14.2  39 |   0.76 17.9  26 |   0.27 15.5 353 |
 | 17 10 | 1.62  5   |   1.35  7.8  97 |   0.25 11.6   8 |                 |   0.25 14.2  38 |   0.77 17.8  26 |   0.27 15.4 353 |
 | 17 11 | 1.67  5   |   1.40  7.8  98 |   0.25 11.6   8 |                 |   0.26 14.1  38 |   0.78 17.8  26 |   0.27 15.4 353 |
 | 17 12 | 1.69  5   |   1.43  7.8  99 |   0.24 11.6   7 |                 |   0.27 13.9  36 |   0.78 17.7  26 |   0.26 15.3 354 |
 | 17 13 | 1.70  5   |   1.43  7.7  99 |   0.24 11.6   7 |                 |   0.27 13.8  36 |   0.79 17.6  26 |   0.26 15.2 354 |
 | 17 14 | 1.68  5   |   1.41  7.6  99 |   0.23 11.6   7 |                 |   0.28 13.8  35 |   0.79 17.5  26 |   0.26 15.1 354 |
 | 17 15 | 1.65  5   |   1.37  7.5  99 |   0.23 11.6   7 |                 |   0.28 13.8  35 |   0.80 17.4  26 |   0.26 14.9 354 |
 | 17 16 | 1.62  5   |   1.32  7.4  99 |   0.22 11.5   7 |                 |   0.29 13.8  35 |   0.80 17.2  26 |   0.25 14.8 354 |
 | 17 17 | 1.58  6   |   1.28  7.3  99 |   0.22 11.5   7 |   0.15 18.7 105 |   0.30 13.7  34 |   0.80 17.1  26 |   0.25 14.7 354 |
 | 17 18 | 1.55  6   |   1.24  7.2  98 |   0.22 11.5   7 |   0.17 18.7 105 |   0.28 13.7  34 |   0.81 17.0  26 |   0.25 14.7 354 |
 | 17 19 | 1.53  6   |   1.20  7.0  97 |   0.21 11.5   7 |   0.18 18.7 105 |   0.23 13.5  38 |   0.83 16.9  26 |   0.24 14.6 354 |
 | 17 20 | 1.51  6   |   1.17  6.9  97 |   0.21 11.4   7 |   0.19 18.7 105 |   0.24 13.5  38 |   0.83 16.9  26 |   0.24 14.6 354 |
 | 17 21 | 1.49  7 1 |   1.14  6.8  96 |   0.21 11.4   7 |   0.20 18.6 105 |   0.24 13.5  37 |   0.83 16.8  26 |   0.23 14.6 354 |
 | 17 22 | 1.48  7 1 |   1.11  6.6  96 |   0.21 11.3   7 |   0.22 18.4 105 |   0.24 13.5  37 |   0.83 16.8  25 |   0.23 14.5 354 |
 | 17 23 | 1.47  7 1 |   1.09  6.5  96 |   0.21 11.2   6 |   0.24 18.0 105 |   0.24 13.5  37 |   0.83 16.7  25 |   0.22 14.5 354 |
 | 18  0 | 1.46  7 1 |   1.07  6.4  96 |   0.20 11.2   7 |   0.25 17.9 105 |   0.24 13.5  37 |   0.84 16.7  25 |   0.22 14.4 354 |
 | 18  1 | 1.45  7 1 |   1.04  6.3  96 |   0.20 11.1   7 |   0.27 17.8 105 |   0.24 13.5  37 |   0.84 16.6  25 |   0.22 14.4 354 |
 | 18  2 | 1.45  7 1 |   1.02  6.1  97 |   0.20 11.1   7 |   0.28 17.7 105 |   0.24 13.4  37 |   0.84 16.6  25 |   0.21 14.3 354 |
 | 18  3 | 1.45  7 1 |   0.99  6.0  98 |   0.20 11.1   6 |   0.30 17.6 105 |   0.24 13.4  36 |   0.84 16.5  25 |   0.21 14.2 354 |
 | 18  4 | 1.45  7 1 |   0.97  5.9  99 |   0.20 11.0   6 |   0.32 17.5 105 |   0.24 13.4  36 |   0.84 16.5  25 |   0.21 14.1 354 |
 | 18  5 | 1.45  7 1 |   0.95  5.7 100 |   0.19 11.0   6 |   0.34 17.2 105 |   0.24 13.3  36 |   0.84 16.4  25 |   0.20 14.0 354 |
 | 18  6 | 1.45  7 1 |   0.92  5.6 101 |   0.19 11.0   6 |   0.36 16.9 105 |   0.25 13.3  36 |   0.84 16.4  25 |   0.20 13.9 354 |
 | 18  7 | 1.44  6 1 |   0.89  5.5 101 |   0.19 11.0   6 |   0.37 16.7 105 |                 |   0.88 16.3  26 |   0.20 13.8 354 |
 | 18  8 | 1.43  6   |   0.85  5.4 102 |   0.19 11.0   6 |   0.40 16.6 105 |   0.57 11.2 109 |   0.87 16.3  26 |   0.19 13.8 354 |
 | 18  9 | 1.42  6   |   0.80  5.3 101 |   0.18 10.9   6 |   0.42 16.5 105 |   0.60 11.1 109 |   0.87 16.2  26 |   0.19 13.7 354 |
 | 18 10 | 1.41  6   |   0.75  5.3 101 |   0.17 10.9   6 |   0.44 16.3 105 |   0.63 11.0 109 |   0.87 16.1  26 |   0.19 13.7 355 |
 | 18 11 | 1.40  6   |   0.71  5.2 101 |   0.18 10.9   6 |   0.46 16.0 105 |   0.65 10.9 109 |   0.87 16.0  26 |   0.18 13.6 355 |
 | 18 12 | 1.40  6   |   0.67  5.2 101 |   0.18 10.9   6 |   0.48 15.7 105 |   0.68 10.8 108 |   0.86 16.0  26 |   0.18 13.6 355 |
 | 18 13 | 1.40  8 3 |                 |   0.17 10.9   5 |   0.51 15.6 105 |   0.70 10.8 108 |   0.84 15.9  25 |   0.18 13.6 355 |
 | 18 14 | 1.41  6   |   0.60  5.0 100 |   0.17 10.9   6 |   0.53 15.5 106 |   0.73 10.7 107 |   0.86 15.8  26 |   0.17 13.5 354 |
 | 18 15 | 1.41  6   |   0.56  4.9 100 |   0.17 10.9   5 |   0.57 15.4 105 |   0.74 10.5 107 |   0.85 15.7  26 |   0.17 13.5 354 |
 | 18 16 | 1.42  7 1 |   0.53  4.9  99 |   0.17 10.8   5 |   0.59 15.3 106 |   0.76 10.4 106 |   0.85 15.7  26 |   0.17 13.5 355 |
 | 18 17 | 1.42  7 1 |   0.49  4.8  97 |   0.16 10.8   5 |   0.62 15.1 106 |   0.77 10.4 106 |   0.85 15.6  25 |   0.16 13.4 355 |
 | 18 18 | 1.43  7 1 |   0.49  4.7  98 |   0.16 10.8   5 |   0.64 14.8 106 |   0.78 10.3 106 |   0.84 15.6  25 |   0.16 13.4 355 |
 | 18 19 | 1.44  6   |   0.47  4.7  98 |   0.17 10.8   5 |   0.66 14.6 106 |   0.80 10.3 105 |   0.85 15.5  26 |   0.15 13.3 354 |
 | 18 20 | 1.44  4   |                 |   0.16 10.8   5 |   0.67 14.5 106 |   0.93 10.2 104 |   0.85 15.5  26 |                 |
 | 18 21 | 1.45  4   |                 |   0.16 10.8   4 |   0.73 14.4 106 |   0.90 10.2 103 |   0.85 15.5  26 |                 |
 | 18 22 | 1.45  4   |                 |   0.16 10.8   5 |   0.72 14.3 106 |   0.92 10.2 103 |   0.84 15.5  25 |                 |
 | 18 23 | 1.46  4   |                 |   0.16 10.7   5 |   0.75 14.1 106 |   0.91 10.2 104 |   0.84 15.5  25 |                 |
 | 19  0 | 1.48  5   | * 0.40  2.9 116 |   0.15 10.7   5 |   0.80 14.0 107 |   0.81 10.1 101 |   0.83 15.4  25 |                 |
 | 19  1 | 1.50  4   |                 |   0.15 10.5   4 |   0.78 13.8 107 |   0.96 10.2 104 |   0.83 15.4  25 |                 |
 | 19  2 | 1.52  3   |                 |                 |   0.78 13.7 107 |   0.98 10.2 105 |   0.83 15.4  25 |                 |
 | 19  3 | 1.54  3   | * 0.64  3.7 109 |                 |   1.11 13.6 105 |                 |   0.83 15.4  25 |                 |
 | 19  4 | 1.55  2   |                 |                 |   1.30 13.5 106 |                 |   0.82 15.4  25 |                 |
 | 19  5 | 1.57  3   | * 0.73  4.0 111 |                 |   1.10 13.4 105 |                 |   0.82 15.4  25 |                 |
 | 19  6 | 1.59  3   | * 0.78  4.3 112 |                 |   1.10 13.3 105 |                 |   0.82 15.4  25 |                 |
 | 19  7 | 1.61  3   | * 0.84  4.5 112 |                 |   1.09 13.2 105 |                 |   0.81 15.4  25 |                 |
 | 19  8 | 1.62  3   | * 0.87  4.7 112 |                 |   1.09 13.1 105 |                 |   0.81 15.3  25 |                 |
 | 19  9 | 1.63  2   |                 |                 |   1.40 13.0 107 |                 |   0.80 15.3  25 |                 |
 | 19 10 | 1.63  2   |                 |                 |   1.41 12.9 107 |                 |   0.80 15.2  25 |                 |
 | 19 11 | 1.64  2   |                 |                 |   1.42 12.8 107 |                 |   0.79 15.1  24 |                 |
 | 19 12 | 1.64  3   | * 0.95  5.2 111 |                 |   1.07 12.7 105 |                 |   0.78 15.0  24 |                 |
 | 19 13 | 1.66  3   |                 |   0.19 18.1   7 |   1.45 12.6 107 |                 |   0.75 14.9  25 |                 |
 | 19 14 | 1.67  4   |   1.08  5.4 108 |   0.16 18.7   4 |   0.99 12.5 106 |                 |   0.76 14.9  25 |                 |
 | 19 15 | 1.69  4   |   1.12  5.7 107 |   0.16 18.7   4 |   0.99 12.4 106 |                 |   0.75 14.9  25 |                 |
 | 19 16 | 1.70  3   |   1.16  5.8 106 |                 |   0.97 12.3 107 |                 |   0.76 14.9  24 |                 |
 | 19 17 | 1.72  3   |   1.21  6.0 106 |                 |   0.94 12.3 107 |                 |   0.76 14.9  24 |                 |
 | 19 18 | 1.74  3   |   1.25  6.1 106 |                 |   0.94 12.2 107 |                 |   0.75 15.0  24 |                 |
 | 19 19 | 1.77  3   |   1.29  6.4 105 |                 |   0.94 12.1 107 |                 |   0.75 15.0  24 |                 |
 | 19 20 | 1.82  3   |   1.38  6.6 106 |                 |   0.90 12.0 107 |                 |   0.74 15.1  24 |                 |
 | 19 21 | 1.86  3   |   1.45  6.8 106 |                 |   0.88 12.0 106 |                 |   0.74 15.1  24 |                 |
 | 19 22 | 1.89  3   |   1.50  6.8 106 |                 |   0.87 11.9 106 |                 |   0.74 15.1  24 |                 |
 | 19 23 | 1.92  3   |   1.54  6.9 106 |                 |   0.86 11.8 106 |                 |   0.73 15.2  24 |                 |
 | 20  0 | 1.93  3   |   1.58  6.9 106 |                 |   0.82 11.7 107 |                 |   0.73 15.2  24 |                 |
 | 20  1 | 1.93  3   |   1.58  6.8 106 |                 |   0.80 11.7 107 |                 |   0.72 15.2  24 |                 |
 | 20  2 | 1.90  3   |   1.56  6.8 106 |                 |   0.79 11.6 107 |                 |   0.72 15.2  23 |                 |
 | 20  3 | 1.86  3   |   1.53  6.8 106 |                 |   0.78 11.6 107 |                 |   0.72 15.2  23 |                 |
 | 20  4 | 1.83  3   |   1.50  6.8 105 |                 |   0.76 11.5 107 |                 |   0.71 15.2  23 |                 |
 | 20  5 | 1.81  3   |   1.48  6.9 105 |                 |   0.75 11.5 107 |                 |   0.71 15.2  23 |                 |
 | 20  6 | 1.80  3   |   1.47  7.0 104 |                 |   0.74 11.4 107 |                 |   0.70 15.2  23 |                 |
 | 20  7 | 1.78  3   |   1.45  7.1 104 |                 |   0.72 11.3 107 |                 |   0.70 15.1  23 |                 |
 | 20  8 | 1.75  3   |   1.43  7.2 104 |                 |   0.71 11.2 107 |                 |   0.69 15.1  23 |                 |
 | 20  9 | 1.73  3   |   1.41  7.4 103 |                 |   0.70 11.2 107 |                 |   0.68 15.1  23 |                 |
 | 20 10 | 1.71  3   |   1.40  7.5 103 |                 |   0.70 11.1 107 |                 |   0.68 15.0  22 |                 |
 | 20 11 | 1.69  3   |   1.39  7.6 103 |                 |   0.67 11.0 106 |                 |   0.66 14.9  23 |                 |
 | 20 12 | 1.68  3   |   1.43  7.7 102 |                 |   0.55 11.3 107 |                 |   0.65 14.8  22 |                 |
 | 20 13 | 1.66  3   |   1.41  7.8 101 |                 |   0.54 11.2 106 |                 |   0.65 14.7  23 |                 |
 | 20 14 | 1.63  3   |   1.38  7.9 101 |                 |   0.53 11.2 106 |                 |   0.64 14.6  22 |                 |
 | 20 15 | 1.60  3   |   1.35  8.0 101 |                 |   0.51 11.2 106 |                 |   0.65 14.5  22 |                 |
 | 20 16 | 1.56  3   |   1.32  8.1 100 |                 |   0.49 11.2 106 |                 |   0.65 14.5  22 |                 |
 | 20 17 | 1.53  4   |   1.29  8.2  99 |   0.19 17.9  13 |   0.47 11.2 107 |                 |   0.62 14.5  22 |                 |
 | 20 18 | 1.50  4   |   1.26  8.4  99 |   0.18 17.9  13 |   0.46 11.2 107 |                 |   0.62 14.4  22 |                 |
 | 20 19 | 1.47  4   |   1.23  8.4  99 |   0.19 17.9  14 |   0.44 11.2 107 |                 |   0.61 14.4  22 |                 |
 | 20 20 | 1.44  4   |   1.20  8.4  98 |   0.19 17.9  15 |   0.45 10.9 109 |                 |   0.61 14.4  22 |                 |
 | 20 21 | 1.42  4   |   1.17  8.5  98 |   0.18 17.9  16 |   0.44 10.8 109 |                 |   0.61 14.4  22 |                 |
 | 20 22 | 1.40  4   |   1.15  8.5  98 |   0.18 17.9  16 |   0.42 10.8 109 |                 |   0.61 14.4  22 |                 |
 | 20 23 | 1.38  4   |   1.13  8.5  98 |   0.22 17.8  12 |   0.42 10.7 108 |                 |   0.60 14.4  22 |                 |
 | 21  0 | 1.37  4   |   1.11  8.5  98 |   0.27 17.6  11 |   0.44 10.6 106 |                 |   0.58 14.3  23 |                 |
 | 21  1 | 1.36  4   |   1.08  8.6  98 |   0.28 17.5  13 |   0.47 10.5 106 |                 |   0.57 14.3  22 |                 |
 | 21  2 | 1.35  4   |   1.08  8.6  99 |   0.31 17.1  13 |   0.46 10.5 106 |                 |   0.56 14.3  23 |                 |
 | 21  3 | 1.35  3   |   1.17  8.6 100 |   0.32 16.9  14 |                 |                 |   0.55 14.3  23 |                 |
 | 21  4 | 1.34  3   |   1.17  8.6  99 |   0.32 16.8  14 |                 |                 |   0.55 14.2  23 |                 |
 | 21  5 | 1.35  3   |   1.17  8.6  99 |   0.32 16.7  13 |                 |                 |   0.55 14.2  22 |                 |
 | 21  6 | 1.35  4   |   1.18  8.5  99 |   0.32 16.7  15 |   0.15 10.8 355 |                 |   0.54 14.2  22 |                 |
 | 21  7 | 1.36  4   |   1.19  8.4  98 |   0.33 16.7  14 |   0.15 10.8 354 |                 |   0.54 14.1  22 |                 |
 | 21  8 | 1.38  4   |   1.22  8.2  98 |   0.33 16.7  14 |   0.15 10.8 354 |                 |   0.53 14.1  22 |                 |
 | 21  9 | 1.41  4   |   1.25  8.2  98 |   0.34 16.6  14 |   0.15 10.7 354 |                 |   0.52 13.9  22 |                 |
 | 21 10 | 1.45  4   |   1.30  8.2  98 |   0.26 16.8  13 |   0.15 10.6 354 |                 |   0.56 13.8  21 |                 |
 | 21 11 | 1.48  4   |   1.34  8.3  98 |   0.33 16.6  15 |   0.15 10.5 354 |                 |   0.52 13.7  21 |                 |
 | 21 12 | 1.51  4   |   1.37  8.3  99 |   0.37 16.4  15 |   0.15 10.4 353 |                 |   0.49 13.6  21 |                 |
 | 21 13 | 1.53  4   |   1.39  8.3 100 |   0.36 16.5  14 |   0.15 10.3 353 |                 |   0.50 13.6  21 |                 |
 | 21 14 | 1.53  4   |   1.38  8.2 100 |   0.45 16.1  15 |   0.15 10.3 353 |                 |   0.42 13.4  23 |                 |
 | 21 15 | 1.51  4   |   1.37  8.2 100 |   0.44 15.9  14 |   0.15 10.2 353 |                 |   0.44 13.4  23 |                 |
 | 21 16 | 1.49  3   |   1.35  8.2 100 |   0.44 15.7  14 |                 |                 |   0.44 13.4  22 |                 |
 | 21 17 | 1.48  3   |   1.33  8.2 100 |   0.43 15.7  15 |                 |                 |   0.45 13.4  22 |                 |
 | 21 18 | 1.46  3   |   1.31  8.1 100 |   0.44 15.7  15 |                 |                 |   0.45 13.4  21 |                 |
 | 21 19 | 1.45  3   |   1.29  8.1 100 |   0.44 15.6  15 |                 |                 |   0.45 13.4  21 |                 |
 | 21 20 | 1.43  3   |   1.27  8.1  99 |   0.44 15.6  15 |                 |                 |   0.45 13.4  21 |                 |
 | 21 21 | 1.43  3   |   1.26  8.1  98 |   0.45 15.6  15 |                 |                 |   0.45 13.4  21 |                 |
 | 21 22 | 1.42  3   |   1.25  8.0  97 |   0.45 15.5  15 |                 |                 |   0.45 13.4  21 |                 |
 | 21 23 | 1.41  2   |   1.24  8.0  97 |   0.64 15.4  18 |                 |                 |                 |                 |
 | 22  0 | 1.39  2   |   1.22  7.9  97 |   0.64 15.4  18 |                 |                 |                 |                 |
 | 22  1 | 1.38  2   |   1.21  7.9  96 |   0.64 15.3  18 |                 |                 |                 |                 |
 | 22  2 | 1.37  2   |   1.19  7.8  96 |   0.64 15.2  18 |                 |                 |                 |                 |
 | 22  3 | 1.36  2   |   1.19  7.7  96 |   0.64 15.0  18 |                 |                 |                 |                 |
 | 22  4 | 1.36  2   |   1.18  7.5  95 |   0.64 14.7  18 |                 |                 |                 |                 |
 | 22  5 | 1.35  2   |   1.17  7.4  95 |   0.64 14.6  18 |                 |                 |                 |                 |
 | 22  6 | 1.33  2   |   1.15  7.3  95 |   0.64 14.6  18 |                 |                 |                 |                 |
 | 22  7 | 1.32  2   |   1.14  7.3  95 |   0.64 14.6  18 |                 |                 |                 |                 |
 | 22  8 | 1.30  2   |   1.12  7.3  95 |   0.64 14.5  18 |                 |                 |                 |                 |
 | 22  9 | 1.29  2   |   1.10  7.3  95 |   0.64 14.5  18 |                 |                 |                 |                 |
 | 22 10 | 1.27  2   |   1.08  7.3  96 |   0.63 14.5  18 |                 |                 |                 |                 |
 | 22 11 | 1.25  2   |   1.06  7.3  96 |   0.63 14.5  18 |                 |                 |                 |                 |
 | 22 12 | 1.23  2   |   1.04  7.2  96 |   0.63 14.4  18 |                 |                 |                 |                 |
 | 22 13 | 1.21  2   |   1.02  7.2  97 |   0.63 14.4  18 |                 |                 |                 |                 |
 | 22 14 | 1.19  2   |   1.00  7.2  97 |   0.63 14.3  18 |                 |                 |                 |                 |
 | 22 15 | 1.17  2   |   0.97  7.2  97 |   0.63 14.3  18 |                 |                 |                 |                 |
 | 22 16 | 1.16  2   |   0.95  7.2  97 |   0.63 14.2  18 |                 |                 |                 |                 |
 | 22 17 | 1.14  2   |   0.93  7.2  98 |   0.63 14.2  18 |                 |                 |                 |                 |
 | 22 18 | 1.12  2   |   0.91  7.3  97 |   0.63 14.1  18 |                 |                 |                 |                 |
 | 22 19 | 1.11  2   |   0.90  7.4  97 |   0.62 14.0  18 |                 |                 |                 |                 |
 | 22 20 | 1.10  2   |   0.88  7.4  97 |   0.62 13.9  17 |                 |                 |                 |                 |
 | 22 21 | 1.09  2   |   0.87  7.5  97 |   0.62 13.8  17 |                 |                 |                 |                 |
 | 22 22 | 1.08  2   |   0.86  7.5  97 |   0.62 13.7  18 |                 |                 |                 |                 |
 | 22 23 | 1.07  2   |   0.85  7.6  97 |   0.61 13.7  17 |                 |                 |                 |                 |
 | 23  0 | 1.07  2   |   0.85  7.7  97 |   0.61 13.6  18 |                 |                 |                 |                 |
 | 23  1 | 1.06  2   |   0.84  7.8  97 |   0.61 13.6  18 |                 |                 |                 |                 |
 | 23  2 | 1.05  2   |   0.83  7.9  98 |   0.60 13.6  17 |                 |                 |                 |                 |
 | 23  3 | 1.04  2   |   0.83  8.0  98 |   0.60 13.5  17 |                 |                 |                 |                 |
 | 23  4 | 1.03  2   |   0.82  8.1  98 |   0.60 13.5  17 |                 |                 |                 |                 |
 | 23  5 | 1.02  2   |   0.81  8.2  98 |   0.59 13.5  17 |                 |                 |                 |                 |
 | 23  6 | 1.01  2   |   0.79  8.2  98 |   0.59 13.5  17 |                 |                 |                 |                 |
 +-------+-----------+-----------------+-----------------+-----------------+-----------------+-----------------+-----------------+
                                                                           Hst : Total sigificant wave height.
                                                                           n   : Number of fields with Hs > 0.05 in 2-D spectrum.
                                                                           x   : Number of fields with Hs > 0.15 not in table.
                                                                           Hs  : Significant wave height of separate wave field.
                                                                           Tp  : Peak period of separate wave field.
                                                                           dir : Mean direction of separate wave field.
                                                                           *   : Wave generation due to local wind probable.
 
 NOAA/NWS/NCEP Marine Modeling and Analysis Branch, 2020/05/15 